# AMR-WB+ config file, consists of 4 columns with the meaning
# time	ext  mode_index fscale
# time (in seconds) must always be > 0, 0.00001 is OK
# extension is 0 or 1
# mi = [0..47], 
       [0..15] is AMR-WB/AMR-WB+ 
       [16..47] is AMR-WB+ extension modes
# isf = 0.0 or [0.5..1.5] latter for extension mode only

1       0       2     0.0
1.2       1       10    0.0
1.3       0       3     0.0
1.4       1       12    0.0
1.5       0       4     0.0
1.6       1       10    0.0
1.7      0       5     0.0
1.8       1       12    0.0
1.9      0       6     0.0
2.0       1       10    0.0
2.1      0       7     0.0
2.2      1       12    0.0
2.3      0       8     0.0
2.4      1       10    0.0
2.5      0       7     0.0
2.6       1       12    0.0
2.7      0       6     0.0
2.8      1       10    0.0
2.9      0       5     0.0
3.0      1       12    0.0
3.1      0       4     0.0
3.2      1       10    0.0
3.3      0       3     0.0
3.4      1       12    0.0
3.5      0       2     0.0
3.6       1       10    0.0
3.7      0       1     0.0
3.8      1       12    0.0
3.9      0       0     0.0
4      1       10    0.0
5      0       1     0.0
6      1       12    0.0
7      0       2     0.0
8      1       10    0.0
9      0       3     0.0
10       1       12    0.0
11      0       4     0.0
12      1       10    0.0
13      0       5     0.0
14      1       12    0.0
15      0       6     0.0
16      1       10    0.0
17      0       7     0.0
18      1       12    0.0
20      0       8     0.0
